DRONES
1, 0.8, 4713000, 12.9, 13, 38, 0.5
2, 0.6, 1473000, 10.5, 45, 1, 0.5
3, 4.8, 4084000, 7.3, 86, 72, 0.5
4, 3.6, 1622000, 10.0, 46, 22, 0.5
5, 2.2, 1950000, 12.5, 22, 77, 0.5

DELIVERIES
101, 1071, 1199, 0.9, 5, 08:01, 09:51
102, 1180, 732, 1.4, 2, 08:27, 09:32
103, 580, 327, 3.0, 1, 08:53, 09:26
104, 1072, 1868, 0.9, 2, 08:33, 09:41
105, 846, 317, 1.5, 4, 08:32, 09:25
106, 1329, 1192, 0.7, 2, 08:40, 09:38
107, 1879, 1438, 3.0, 5, 08:57, 09:26
108, 939, 120, 1.0, 1, 08:26, 09:19
109, 410, 1796, 0.6, 2, 08:01, 09:22
110, 1144, 1181, 0.5, 3, 08:00, 09:30


NOFLYZONES
201, 08:00, 08:45, 900 850 800 860 810 770 920 780   
202, 09:10, 09:55, 300 400 350 410 360 500 290 490           
203, 10:05, 11:00, 1000 1200 1100 1210 1110 1300 990 1290     


