DRONES
1, 4.7, 3590000, 5.2, 67, 82, 1.5
2, 2.6, 2528000, 13.1, 36, 47, 1.3
3, 1.6, 3586000, 6.7, 23, 24, 1.5
4, 2.0, 2202000, 7.5, 64, 30, 0.9
5, 0.7, 2463000, 13.0, 41, 1, 1.5

DELIVERIES
101, 294, 989, 1.1, 4, 520, 590
102, 411, 141, 0.7, 3, 532, 551
103, 115, 298, 1.2, 4, 519, 557
104, 627, 812, 0.6, 3, 532, 574
105, 112, 69, 2.1, 2, 531, 552
106, 136, 218, 2.7, 4, 521, 547
107, 256, 480, 1.8, 2, 481, 590
108, 618, 280, 1.7, 3, 512, 566
109, 971, 779, 2.7, 2, 529, 556
110, 658, 942, 0.6, 3, 529, 573

NOFLYZONES
201, 485, 573, 46 99 42 8 26 65 95 82 25 78 46 99
202, 494, 575, 61 67 55 69 34 46 57 16 75 28 61 67
203, 516, 570, 63 36 90 49 58 15 88 35 25 51 63 36
