DRONES
1, 3.1, 1930000, 9.5, 29, 47, 1.0
2, 4.6, 4081000, 14.3, 82, 86, 0.7
3, 0.9, 3927000, 12.1, 71, 26, 1.3
4, 3.6, 2869000, 6.5, 95, 34, 1.6
5, 1.6, 1350000, 14.1, 53, 45, 1.7

DELIVERIES
101, 528, 322, 2.0, 1, 534, 938
102, 423, 375, 1.3, 5, 533, 846
103, 801, 851, 1.3, 4, 512, 601
104, 558, 385, 2.0, 2, 526, 864
105, 786, 761, 2.0, 3, 514, 822
106, 928, 758, 3.0, 5, 498, 906
107, 143, 419, 2.0, 3, 539, 804
108, 843, 907, 2.8, 5, 536, 943
109, 666, 465, 2.8, 1, 499, 892
110, 89, 831, 1.7, 3, 487, 780
111, 93, 150, 1.5, 1, 517, 621
112, 67, 730, 2.8, 4, 534, 644
113, 947, 988, 2.9, 4, 499, 612
114, 856, 539, 1.9, 2, 526, 898
115, 806, 796, 1.0, 2, 489, 716
116, 407, 843, 0.6, 3, 538, 678
117, 355, 328, 0.7, 2, 494, 756
118, 560, 137, 1.0, 1, 522, 860
119, 722, 525, 1.3, 3, 501, 1006
120, 747, 38, 1.5, 2, 528, 847

NOFLYZONES
201, 559, 818, 38 31 32 62 24 76 94 67 58 98 38 31
202, 498, 758, 8 77 15 17 62 71 7 72 6 39 8 77
