DRONES
1, 3.3, 1948000, 14.4, 14, 82, 0.7
2, 4.4, 1546000, 13.4, 52, 51, 1.1
3, 3.8, 1503000, 6.1, 87, 21, 1.8
4, 5.0, 2165000, 9.0, 19, 4, 1.4
5, 4.7, 1984000, 5.5, 33, 32, 0.6
6, 3.5, 4520000, 13.8, 71, 71, 1.5
7, 4.5, 1996000, 9.1, 67, 22, 0.9
8, 2.4, 3529000, 7.8, 59, 92, 1.2
9, 2.8, 4797000, 10.5, 78, 85, 0.9
10, 4.5, 1836000, 8.8, 42, 14, 1.2

DELIVERIES
101, 533, 416, 2.8, 1, 527, 876
102, 884, 358, 1.1, 3, 515, 843
103, 283, 956, 2.9, 2, 513, 903
104, 168, 139, 1.0, 2, 484, 961
105, 170, 898, 2.9, 5, 498, 1011
106, 743, 311, 0.7, 2, 514, 712
107, 563, 770, 2.1, 2, 536, 1059
108, 992, 997, 2.3, 4, 528, 960
109, 792, 553, 1.9, 2, 515, 550
110, 106, 780, 2.0, 3, 485, 762
111, 494, 948, 0.7, 2, 494, 868
112, 681, 295, 1.0, 2, 505, 1080
113, 935, 260, 2.8, 1, 530, 589
114, 381, 416, 0.8, 4, 522, 795
115, 972, 876, 2.1, 2, 498, 926
116, 405, 537, 2.4, 3, 535, 1022
117, 497, 620, 0.6, 5, 520, 647
118, 352, 350, 1.3, 4, 508, 851
119, 426, 218, 0.5, 1, 483, 808
120, 359, 680, 2.7, 5, 492, 797
121, 930, 210, 1.4, 4, 490, 588
122, 678, 253, 2.7, 3, 510, 671
123, 362, 114, 1.6, 2, 507, 961
124, 255, 243, 2.6, 1, 510, 998
125, 183, 664, 2.3, 2, 495, 884
126, 362, 925, 0.9, 5, 485, 764
127, 229, 370, 1.0, 1, 531, 964
128, 733, 14, 1.8, 1, 532, 727
129, 140, 54, 2.4, 5, 529, 859
130, 754, 483, 0.7, 3, 510, 607
131, 663, 766, 2.8, 2, 522, 939
132, 275, 347, 2.0, 4, 532, 892
133, 833, 707, 2.3, 5, 517, 699
134, 17, 209, 1.7, 2, 483, 573
135, 899, 38, 2.8, 1, 529, 721
136, 442, 408, 2.3, 5, 521, 791
137, 782, 235, 1.9, 4, 531, 817
138, 257, 404, 0.7, 5, 490, 824
139, 864, 240, 0.7, 3, 499, 568
140, 780, 355, 2.1, 4, 502, 928
141, 649, 54, 2.9, 5, 524, 836
142, 259, 785, 1.1, 2, 501, 642
143, 447, 335, 2.1, 5, 529, 761
144, 5, 642, 2.2, 3, 495, 911
145, 514, 720, 1.0, 1, 514, 664
146, 999, 397, 1.1, 5, 539, 759
147, 303, 412, 1.6, 5, 485, 679
148, 608, 639, 2.0, 3, 487, 1028
149, 32, 637, 1.0, 5, 519, 910
150, 62, 946, 2.1, 5, 514, 970

NOFLYZONES
201, 586, 988, 16 73 84 8 67 72 51 27 4 62 16 73
202, 484, 1037, 3 21 56 86 58 2 95 18 47 72 3 21
203, 510, 647, 1 96 61 2 76 71 89 33 5 54 1 96
204, 579, 681, 87 39 38 16 96 63 17 13 47 44 87 39
205, 580, 983, 71 94 18 39 20 62 52 3 70 27 71 94
